a<-2
b<-3
b+3
